4 Smith 121000973 1
4 Smith 121000973 2
4 Smith 121000973 3
4 Smith 121000973 4
4 Smith 121000973 5
2 Albert 121000982 4
2 Albert 121000982 5
2 Albert 121000982 1
2 Albert 121000982 2
2 Albert 121000982 3
4 Smith 121000993 1
4 Smith 121000993 2
4 Smith 121000993 3
4 Smith 121000993 4
4 Smith 121000993 5
1 John 121000991 5
1 John 121000981 1
1 John 121000981 2
1 John 121000981 3
1 John 121000981 4
1 John 121000981 5
1 John 121000991 1
1 John 121000991 2
1 John 121000991 3
1 John 121000991 4
2 Albert 121000992 1
2 Albert 121000992 2
2 Albert 121000992 3
2 Albert 121000992 4
2 Albert 121000992 5
4 Smith 121000983 1
4 Smith 121000983 2
4 Smith 121000983 3
4 Smith 121000983 4
4 Smith 121000983 5
