121000981,1
121000981,2
121000981,3
121000981,4
121000981,5
121000991,1
121000991,2
121000991,3
121000991,4
121000991,5
121000982,1
121000982,2
121000982,3
121000982,4
121000982,5
121000992,1
121000992,2
121000992,3
121000992,4
121000992,5
121000973,1
121000973,2
121000973,3
121000973,4
121000973,5
121000983,1
121000983,2
121000983,3
121000983,4
121000983,5
121000993,1
121000993,2
121000993,3
121000993,4
121000993,5
121000994,1
121000994,2
121000994,3
121000994,4
121000994,5
121000995,1
121000995,2
121000995,3
121000995,4
121000995,5
121000996,1
121000996,2
121000996,3
121000996,4
121000996,5